mae: 4.875053
rmse: 6.435983
coarse_mae: 7.081652
